-1,-1,-1,-1,-1,-1,-1,-1,-1,-1,-1,-1,-1
-1,-1,-1,-1,-1,-1,-1,-1,-1,-1,-1,-1,-1
-1,-1,-1,-1,-1,-1,-1,-1,-1,-1,-1,-1,-1
-1,-1,-1,-1,-1,-1,-1,-1,-1,-1,-1,-1,-1
-1,-1,-1,-1,-1,-1,-1,-1,-1,-1,-1,-1,-1
-1,-1,-1,-1,-1,-1,-1,-1,-1,-1,-1,-1,-1
-1,-1,-1,-1,-1,-1,-1,-1,-1,-1,-1,-1,-1
-1,-1,-1,-1,-1,-1,-1,-1,-1,-1,-1,-1,-1
10,10,10,10,10,10,13,10,10,10,10,10,10
5,5,5,5,5,5,5,5,5,5,5,5,5
3,3,3,3,3,3,3,3,3,3,3,3,3
0,0,0,0,0,0,0,0,0,0,0,0,0
6,6,6,6,6,6,6,6,6,6,6,6,6
2,2,2,2,2,2,2,2,2,2,2,2,2
-1,-1,-1,-1,-1,-1,-1,-1,-1,-1,-1,-1,-1
-1,-1,-1,-1,-1,-1,-1,-1,-1,-1,-1,-1,-1
-1,-1,-1,-1,-1,-1,-1,-1,-1,-1,-1,-1,-1
-1,-1,-1,-1,-1,-1,-1,-1,-1,-1,-1,-1,-1
-1,-1,-1,-1,-1,-1,-1,-1,-1,-1,-1,-1,-1
-1,-1,-1,-1,-1,-1,-1,-1,-1,-1,-1,-1,-1
-1,-1,-1,-1,-1,-1,-1,-1,-1,-1,-1,-1,-1
-1,-1,-1,-1,-1,-1,-1,-1,-1,-1,-1,-1,-1
-1,-1,-1,-1,-1,-1,-1,-1,-1,-1,-1,-1,-1
-1,-1,-1,-1,-1,-1,-1,-1,-1,-1,-1,-1,-1
-1,-1,-1,-1,-1,-1,-1,-1,-1,-1,-1,-1,-1
-1,-1,-1,-1,-1,-1,-1,-1,-1,-1,-1,-1,-1
-1,-1,-1,-1,-1,-1,-1,-1,-1,-1,-1,-1,-1
-1,-1,-1,-1,-1,-1,-1,-1,-1,-1,-1,-1,-1
-1,-1,-1,-1,-1,-1,-1,-1,-1,-1,-1,-1,-1
6,-1,-1,-1,-1,-1,-1,-1,-1,-1,-1,-1,-1
6,3,-1,-1,-1,-1,-1,-1,-1,-1,-1,-1,-1
6,3,7,-1,-1,-1,-1,-1,-1,-1,-1,-1,-1
6,3,7,4,-1,-1,-1,-1,-1,-1,-1,-1,-1
6,3,7,4,1,-1,-1,-1,-1,-1,-1,-1,-1
6,3,7,4,1,2,-1,-1,-1,-1,-1,-1,-1
6,3,7,4,1,2,5,-1,-1,-1,-1,-1,-1
6,3,7,4,1,2,5,0,-1,-1,-1,-1,-1
6,3,7,4,1,2,5,0,6,-1,-1,-1,-1
6,3,7,4,1,2,5,0,6,3,-1,-1,-1
6,3,7,4,1,2,5,0,6,3,7,-1,-1
6,3,7,4,1,2,5,0,6,3,7,4,-1
6,3,7,4,1,2,5,0,6,3,7,4,1
6,3,7,4,1,2,5,0,6,3,7,4,1
10,10,10,10,10,10,10,10,10,10,10,10,11
-1,-1,-1,-1,-1,-1,-1,-1,-1,-1,-1,-1,-1
-1,-1,-1,-1,-1,-1,-1,-1,-1,-1,-1,-1,-1
-1,-1,-1,-1,-1,-1,-1,-1,-1,-1,-1,-1,-1
-1,-1,-1,-1,-1,-1,-1,-1,-1,-1,-1,-1,-1
-1,-1,-1,-1,-1,-1,-1,-1,-1,-1,-1,-1,-1
-1,-1,-1,-1,-1,-1,-1,-1,-1,-1,-1,-1,-1
-1,-1,-1,-1,-1,-1,-1,-1,-1,-1,-1,-1,-1
-1,-1,-1,-1,-1,-1,-1,-1,-1,-1,-1,-1,-1
-1,-1,-1,-1,-1,-1,-1,-1,-1,-1,-1,-1,-1
-1,-1,-1,-1,-1,-1,-1,-1,-1,-1,-1,-1,-1
-1,-1,-1,-1,-1,-1,-1,-1,-1,-1,-1,-1,-1
-1,-1,-1,-1,-1,-1,-1,-1,-1,-1,-1,-1,-1
5,5,5,5,5,5,5,5,5,5,5,5,5
12,12,12,12,12,12,12,12,12,12,7,7,7
-1,-1,-1,-1,-1,-1,-1,-1,-1,-1,-1,-1,-1
-1,-1,-1,-1,-1,-1,-1,-1,-1,-1,-1,-1,-1
-1,-1,-1,-1,-1,-1,-1,-1,-1,-1,-1,-1,-1
6,6,6,6,6,6,6,6,6,6,6,6,6
7,7,7,12,12,12,12,12,12,12,12,12,12
-1,-1,-1,-1,-1,-1,-1,-1,-1,-1,-1,-1,-1
-1,-1,-1,-1,-1,-1,-1,-1,-1,-1,-1,-1,-1
-1,-1,-1,-1,-1,-1,-1,-1,-1,-1,-1,-1,-1
0,0,0,0,0,0,0,0,0,0,0,0,0
12,12,12,12,12,12,12,12,12,12,7,7,7
-1,-1,-1,-1,-1,-1,-1,-1,-1,-1,-1,-1,-1
-1,-1,-1,-1,-1,-1,-1,-1,-1,-1,-1,-1,-1
-1,-1,-1,-1,-1,-1,-1,-1,-1,-1,-1,-1,-1
-1,-1,-1,-1,-1,-1,-1,-1,-1,-1,-1,-1,-1
-1,-1,-1,-1,-1,-1,-1,-1,-1,-1,-1,-1,-1
-1,-1,-1,-1,-1,-1,-1,-1,-1,-1,-1,-1,-1
-1,-1,-1,-1,-1,-1,-1,-1,-1,-1,-1,-1,-1
-1,-1,-1,-1,-1,-1,-1,-1,-1,-1,-1,-1,-1
-1,-1,-1,-1,-1,-1,-1,-1,-1,-1,-1,-1,-1
-1,-1,-1,-1,-1,-1,-1,-1,-1,-1,-1,-1,-1
-1,-1,-1,-1,-1,-1,-1,-1,-1,-1,-1,-1,-1
-1,-1,-1,-1,-1,-1,-1,-1,-1,-1,-1,-1,-1
-1,-1,-1,-1,-1,-1,-1,-1,-1,-1,-1,-1,-1
-1,-1,-1,-1,-1,-1,-1,-1,-1,-1,-1,-1,-1
-1,5,6,0,10,3,-1,7,10,0,6,5,-1
-1,6,0,10,3,2,-1,10,0,6,5,10,-1
-1,0,10,3,2,7,-1,0,6,5,10,7,-1
-1,10,3,2,7,10,-1,6,5,10,7,1,-1
-1,3,2,7,10,0,-1,5,4,10,7,2,-1
-1,2,7,10,0,6,-1,4,10,7,2,3,-1
-1,7,10,0,6,5,-1,10,7,2,3,10,-1
-1,7,10,0,6,5,4,-1,7,1,2,3,10,4,-1
-1,10,0,6,5,10,-1,2,3,10,4,5,-1
-1,0,6,5,10,7,-1,3,10,4,5,6,-1
-1,6,5,4,10,7,-1,3,10,4,5,6,-1
-1,-1,-1,-1,-1,-1,-1,-1,-1,-1,-1,-1,-1
-1,-1,-1,-1,-1,-1,-1,-1,-1,-1,-1,-1,-1
-1,-1,-1,-1,-1,-1,-1,-1,-1,-1,-1,-1,-1
-1,-1,-1,-1,-1,-1,-1,-1,-1,-1,-1,-1,-1
-1,-1,-1,-1,-1,-1,-1,-1,-1,-1,-1,-1,-1
-1,-1,-1,-1,-1,-1,-1,-1,-1,-1,-1,-1,-1
-1,-1,-1,-1,-1,-1,-1,-1,-1,-1,-1,-1,-1
-1,-1,-1,-1,-1,-1,-1,-1,-1,-1,-1,-1,-1
-1,-1,-1,-1,-1,-1,-1,-1,-1,-1,-1,-1,-1
-1,-1,-1,-1,-1,-1,-1,-1,-1,-1,-1,-1,-1
-1,-1,-1,-1,-1,-1,-1,-1,-1,-1,-1,-1,-1
-1,-1,-1,-1,-1,-1,-1,-1,-1,-1,-1,-1,-1
-1,-1,-1,3,-1,-1,-1,-1,-1,3,-1,-1,-1
-1,-1,-1,-1,3,-1,-1,-1,3,-1,-1,-1,-1
-1,-1,-1,10,10,10,10,10,10,10,-1,-1,-1
-1,-1,-1,-1,10,10,10,10,10,10,10,-1,-1
-1,-1,-1,10,10,5,10,10,10,5,10,10,-1
-1,-1,-1,10,10,5,10,10,10,5,10,10,-1
-1,10,10,10,10,10,10,10,10,10,10,10,-1
-1,10,10,10,10,10,10,10,10,10,10,10,-1
-1,10,-1,10,10,10,10,10,10,10,-1,10,-1
-1,10,-1,10,-1,-1,-1,-1,-1,10,-1,10,-1
-1,10,-1,10,-1,-1,-1,-1,-1,10,-1,10,-1
-1,-1,-1,-1,10,10,-1,10,10,-1,-1,-1,-1
-1,-1,-1,-1,10,10,-1,10,10,-1,-1,-1,-1
-1,-1,-1,-1,-1,-1,-1,-1,-1,-1,-1,-1,-1
-1,-1,-1,-1,-1,-1,-1,-1,-1,-1,-1,-1,-1
-1,-1,-1,-1,-1,-1,-1,-1,-1,-1,-1,-1,-1
-1,-1,-1,-1,-1,-1,-1,-1,-1,-1,-1,-1,-1
-1,-1,-1,-1,-1,-1,-1,-1,-1,-1,-1,-1,-1
-1,-1,-1,-1,-1,-1,-1,-1,-1,-1,-1,-1,-1
-1,-1,-1,-1,-1,-1,-1,-1,-1,-1,-1,-1,-1
-1,-1,-1,-1,-1,-1,-1,-1,-1,-1,-1,-1,-1
-1,-1,-1,-1,-1,-1,-1,-1,-1,-1,-1,-1,-1
-1,-1,-1,-1,-1,-1,-1,-1,-1,-1,-1,-1,-1
-1,-1,-1,-1,-1,-1,-1,-1,-1,-1,-1,-1,-1
-1,-1,-1,-1,-1,-1,-1,-1,-1,-1,-1,-1,-1
-1,-1,-1,-1,-1,-1,-1,-1,-1,-1,-1,-1,-1
0,-1,5,-1,2,-1,1,-1,2,-1,5,-1,0
0,-1,5,-1,2,-1,1,-1,2,-1,5,-1,0
0,-1,5,-1,2,-1,1,-1,2,-1,5,-1,0
0,-1,5,-1,2,-1,1,-1,2,-1,5,-1,0
0,-1,5,-1,2,-1,1,-1,2,-1,5,-1,0
0,-1,12,13,12,13,12,13,12,13,12,-1,0
0,-1,5,-1,2,-1,1,-1,2,-1,5,-1,0
0,-1,5,-1,2,-1,1,-1,2,-1,5,-1,0
0,-1,5,-1,2,-1,1,-1,2,-1,5,-1,0
0,-1,5,-1,2,-1,1,-1,2,-1,5,-1,0
13,-1,13,-1,12,-1,13,-1,12,-1,13,-1,13
0,-1,5,-1,2,-1,1,-1,2,-1,5,-1,0
-1,-1,-1,-1,-1,-1,-1,-1,-1,-1,-1,-1,-1
-1,-1,-1,-1,-1,-1,-1,-1,-1,-1,-1,-1,-1
-1,-1,-1,-1,-1,-1,-1,-1,-1,-1,-1,-1,-1
-1,-1,-1,-1,-1,-1,-1,-1,-1,-1,-1,-1,-1
-1,-1,-1,-1,-1,-1,-1,-1,-1,-1,-1,-1,-1
-1,-1,-1,-1,-1,-1,-1,-1,-1,-1,-1,-1,-1
-1,-1,-1,-1,-1,-1,-1,-1,-1,-1,-1,-1,-1
-1,-1,-1,-1,-1,-1,-1,-1,-1,-1,-1,-1,-1
-1,-1,-1,-1,-1,-1,-1,-1,-1,-1,-1,-1,-1
-1,-1,-1,-1,-1,-1,-1,-1,-1,-1,-1,-1,-1
-1,-1,-1,-1,-1,-1,-1,-1,-1,-1,-1,-1,-1
-1,-1,-1,-1,-1,-1,-1,-1,-1,-1,-1,-1,-1
-1,-1,-1,-1,-1,-1,-1,-1,-1,-1,-1,-1,-1
-1,-1,-1,-1,-1,3,3,13,-1,-1,-1,-1,-1
-1,-1,-1,-1,3,3,13,13,5,-1,-1,-1,-1
-1,-1,-1,3,3,13,13,5,5,6,-1,-1,-1
-1,-1,-1,3,13,13,5,5,6,6,-1,-1,-1
-1,-1,3,13,13,5,5,6,6,0,0,-1,-1
-1,-1,13,13,5,5,6,6,0,0,1,-1,-1
-1,-1,-1,13,5,5,6,6,0,0,1,1,-1,-1
-1,-1,-1,5,6,6,0,0,1,1,-1,-1,-1
-1,-1,-1,6,6,0,0,1,1,2,-1,-1,-1
-1,-1,-1,-1,0,0,1,1,2,-1,-1,-1,-1
-1,-1,-1,-1,-1,1,1,2,-1,-1,-1,-1,-1
-1,-1,-1,-1,-1,-1,-1,-1,-1,-1,-1,-1,-1
-1,-1,-1,-1,-1,-1,-1,-1,-1,-1,-1,-1,-1
-1,-1,-1,-1,-1,-1,-1,-1,-1,-1,-1,-1,-1
-1,-1,-1,-1,-1,-1,-1,-1,-1,-1,-1,-1,-1
-1,-1,-1,-1,-1,-1,-1,-1,-1,-1,-1,-1,-1
-1,-1,-1,-1,-1,-1,-1,-1,-1,-1,-1,-1,-1
-1,-1,-1,-1,-1,-1,-1,-1,-1,-1,-1,-1,-1
-1,-1,-1,-1,-1,-1,-1,-1,-1,-1,-1,-1,-1
-1,-1,-1,-1,-1,-1,-1,-1,-1,-1,-1,-1,-1
-1,-1,-1,-1,-1,-1,-1,-1,-1,-1,-1,-1,-1
-1,-1,-1,-1,-1,-1,-1,-1,-1,-1,-1,-1,-1
-1,-1,-1,-1,-1,-1,-1,-1,-1,-1,-1,-1,-1
-1,-1,-1,-1,-1,-1,-1,-1,-1,-1,-1,-1,-1
-1,-1,-1,12,-1,12,-1,12,-1,12,-1,-1,-1
-1,12,-1,-1,-1,-1,-1,-1,-1,-1,-1,12,-1
-1,12,12,-1,12,-1,-1,-1,12,-1,12,12,-1
-1,-1,-1,-1,-1,-1,7,-1,-1,-1,-1,-1,-1
-1,12,-1,-1,-1,12,13,12,-1,-1,-1,12,-1
-1,-1,-1,12,-1,-1,1,-1,-1,12,-1,-1,-1
-1,-1,-1,-1,-1,-1,2,-1,-1,-1,-1,-1,-1
-1,-1,-1,12,-1,-1,5,-1,-1,12,-1,-1,-1
-1,12,-1,-1,-1,12,0,12,-1,-1,-1,12,-1
-1,-1,-1,-1,-1,-1,6,-1,-1,-1,-1,-1,-1
-1,12,12,-1,12,-1,-1,-1,12,-1,12,12,-1
-1,12,-1,-1,-1,-1,-1,-1,-1,-1,-1,12,-1
-1,-1,-1,12,-1,12,-1,12,-1,12,-1,-1,-1
-1,-1,-1,-1,-1,-1,-1,-1,-1,-1,-1,-1,-1
-1,-1,-1,-1,-1,-1,-1,-1,-1,-1,-1,-1,-1
-1,-1,-1,-1,-1,-1,-1,-1,-1,-1,-1,-1,-1
-1,-1,-1,-1,-1,-1,-1,-1,-1,-1,-1,-1,-1
-1,-1,-1,-1,-1,-1,-1,-1,-1,-1,-1,-1,-1
-1,-1,-1,-1,-1,-1,-1,-1,-1,-1,-1,-1,-1
-1,-1,-1,-1,-1,-1,-1,-1,-1,-1,-1,-1,-1
-1,-1,-1,-1,-1,-1,-1,-1,-1,-1,-1,-1,-1
-1,-1,-1,-1,-1,-1,-1,-1,-1,-1,-1,-1,-1
-1,-1,-1,-1,-1,-1,-1,-1,-1,-1,-1,-1,-1
-1,-1,-1,-1,-1,-1,-1,-1,-1,-1,-1,-1,-1
-1,-1,-1,-1,-1,-1,-1,-1,-1,-1,-1,-1,-1
-1,-1,-1,-1,-1,-1,-1,-1,-1,-1,-1,-1,-1
-1,-1,-1,-1,-1,-1,-1,-1,-1,-1,-1,-1,-1
7,7,7,7,7,7,7,7,7,7,7,7,7,7,7
3,3,3,3,3,3,3,3,3,3,3,3,3,3,3
13,13,13,13,10,13,13,13,10,13,13,13,13,13,13
5,5,5,5,10,10,5,5,10,10,5,5,5,5,5
5,5,5,5,10,10,10,5,10,10,10,5,5,5,5
5,5,5,5,10,10,5,5,10,10,5,5,5,5,5
13,13,13,13,10,13,13,13,10,13,13,13,13,13,13
3,3,3,3,3,3,3,3,3,3,3,3,3,3,3
7,7,7,7,7,7,7,7,7,7,7,7,7,7,7
-1,-1,-1,-1,-1,-1,-1,-1,-1,-1,-1,-1,-1
-1,-1,-1,-1,-1,-1,-1,-1,-1,-1,-1,-1,-1
-1,-1,-1,-1,-1,-1,-1,-1,-1,-1,-1,-1,-1
-1,-1,-1,-1,-1,-1,-1,-1,-1,-1,-1,-1,-1
-1,-1,-1,-1,-1,-1,-1,-1,-1,-1,-1,-1,-1
-1,-1,-1,-1,-1,-1,-1,-1,-1,-1,-1,-1,-1
-1,-1,-1,-1,-1,-1,-1,-1,-1,-1,-1,-1,-1
-1,-1,-1,-1,-1,-1,-1,-1,-1,-1,-1,-1,-1
-1,-1,-1,-1,-1,-1,-1,-1,-1,-1,-1,-1,-1
-1,-1,-1,-1,-1,-1,-1,-1,-1,-1,-1,-1,-1
-1,-1,-1,-1,-1,-1,-1,-1,-1,-1,-1,-1,-1
-1,-1,-1,-1,-1,-1,-1,-1,-1,-1,-1,-1,-1
-1,-1,-1,-1,-1,-1,-1,-1,-1,-1,-1,-1,-1
-1,-1,-1,-1,5,5,5,5,-1,-1,-1,-1,-1
-1,-1,5,5,5,5,5,5,5,5,-1,-1,-1
-1,5,5,5,5,5,5,5,5,5,5,-1,-1
-1,5,5,7,7,5,5,5,5,7,7,-1,-1
-1,5,5,7,7,7,7,5,5,7,7,7,-1
-1,5,5,7,7,10,10,5,5,7,7,10,-1
-1,5,5,7,7,10,10,5,5,7,7,10,-1
-1,5,5,5,7,7,5,5,5,7,7,5,-1
-1,5,5,5,5,5,5,5,5,5,5,5,-1
-1,5,5,5,5,5,5,5,5,5,5,5,-1
-1,5,5,5,5,5,5,5,5,5,5,5,-1
-1,5,5,5,5,5,5,5,5,5,5,5,-1
-1,5,5,5,-1,5,5,5,-1,5,5,5,-1
-1,5,5,-1,-15,5,-1,-1,-1,5,5,-1
-1,-1,-1,-1,-1,-1,-1,-1,-1,-1,-1,-1,-1
-1,-1,-1,-1,-1,-1,-1,-1,-1,-1,-1,-1,-1
-1,-1,-1,-1,-1,-1,-1,-1,-1,-1,-1,-1,-1
-1,-1,-1,-1,-1,-1,-1,-1,-1,-1,-1,-1,-1
-1,-1,-1,-1,-1,-1,-1,-1,-1,-1,-1,-1,-1
-1,-1,-1,-1,-1,-1,-1,-1,-1,-1,-1,-1,-1
-1,-1,-1,-1,-1,-1,-1,-1,-1,-1,-1,-1,-1
-1,-1,-1,-1,-1,-1,-1,-1,-1,-1,-1,-1,-1
-1,-1,-1,-1,-1,-1,-1,-1,-1,-1,-1,-1,-1
-1,-1,-1,-1,-1,-1,-1,-1,-1,-1,-1,-1,-1
-1,-1,-1,-1,-1,-1,-1,-1,-1,-1,-1,-1,-1
-1,-1,-1,-1,-1,-1,-1,-1,-1,-1,-1,-1,-1
-1,-1,-1,-1,3,3,3,3,3,-1,-1,-1,-1
-1,-1,3,3,3,3,3,3,3,3,3,-1,-1
-1,3,3,3,3,3,3,3,3,3,3,3,-1
-1,3,3,3,3,3,3,3,3,3,3,3,-1
-1,3,3,3,3,3,3,3,3,3,3,-1,-1
-1,3,3,3,3,3,3,3,-1,-1,-1,-1,-1
-1,3,3,3,3,-1,-1,-1,-1,-1,-1,-1,-1
-1,3,3,3,3,3,3,3,-1,-1,-1,-1,-1
-1,3,3,3,3,3,3,3,3,3,3,-1,-1
-1,3,3,3,3,3,3,3,3,3,3,3,-1
-1,3,3,3,3,3,3,3,3,3,3,3,-1
-1,-1,3,3,3,3,3,3,3,3,3,-1,-1
-1,-1,-1,-1,3,3,3,3,3,-1,-1,-1,-1
-1,-1,-1,-1,-1,-1,-1,-1,-1,-1,-1,-1,-1
-1,-1,-1,-1,-1,-1,-1,-1,-1,-1,-1,-1,-1
-1,-1,-1,-1,-1,-1,-1,-1,-1,-1,-1,-1,-1
-1,-1,-1,-1,-1,-1,-1,-1,-1,-1,-1,-1,-1
-1,-1,-1,-1,-1,-1,-1,-1,-1,-1,-1,-1,-1
-1,-1,-1,-1,-1,-1,-1,-1,-1,-1,-1,-1,-1
-1,-1,-1,-1,-1,-1,-1,-1,-1,-1,-1,-1,-1
-1,-1,-1,-1,-1,-1,-1,-1,-1,-1,-1,-1,-1
-1,-1,-1,-1,-1,-1,-1,-1,-1,-1,-1,-1,-1
-1,-1,-1,-1,-1,-1,-1,-1,-1,-1,-1,-1,-1
-1,-1,-1,-1,-1,-1,-1,-1,-1,-1,-1,-1,-1
-1,-1,-1,-1,-1,-1,-1,-1,-1,-1,-1,-1,-1
-1,-1,-1,-1,1,1,1,-1,-1,-1,-1,-1,-1
-1,-1,-1,10,10,1,1,1,-1,-1,-1,-1,-1
-1,-1,1,10,1,1,1,1,1,-1,-1,-1,-1
-1,-1,1,1,1,1,1,1,1,-1,-1,-1,-1
-1,-1,1,1,1,1,1,1,1,-1,-1,-1,-1
-1,2,2,1,1,1,1,1,5,5,5,-1,-1
-1,10,10,2,2,1,1,10,10,5,5,5,-1
2,10,2,2,2,2,5,10,5,5,5,5,-1
2,2,2,2,2,2,5,5,5,5,5,5,-1
2,2,2,2,2,2,5,5,5,5,5,5,-1
-1,2,2,2,2,2,-1,5,5,5,5,5,-1
-1,2,2,2,-1,-1,-1,-1,5,5,5,-1,-1
-1,-1,-1,-1,-1,-1,-1,-1,-1,-1,-1,-1,-1
-1,-1,-1,-1,-1,-1,-1,-1,-1,-1,-1,-1,-1
-1,-1,-1,-1,-1,-1,-1,-1,-1,-1,-1,-1,-1
-1,-1,-1,-1,-1,-1,-1,-1,-1,-1,-1,-1,-1
-1,-1,-1,-1,-1,-1,-1,-1,-1,-1,-1,-1,-1
-1,-1,-1,-1,-1,-1,-1,-1,-1,-1,-1,-1,-1
-1,-1,-1,-1,-1,-1,-1,-1,-1,-1,-1,-1,-1
-1,-1,-1,-1,-1,-1,-1,-1,-1,-1,-1,-1,-1
-1,-1,-1,-1,-1,-1,-1,-1,-1,-1,-1,-1,-1
-1,-1,-1,-1,-1,-1,-1,-1,-1,-1,-1,-1,-1
-1,-1,-1,-1,-1,-1,-1,-1,-1,-1,-1,-1,-1
-1,-1,-1,-1,-1,-1,-1,-1,-1,-1,-1,-1,-1
-1,-1,-1,-1,-1,-1,-1,-1,-1,-1,-1,-1,-1
-1,12,-1,12,-1,-1,-1,-1,-1,12,-1,12,-1
-1,12,2,12,-1,-1,-1,-1,-1,12,2,12,-1
-1,12,1,12,-1,-1,-1,-1,-1,12,1,12,-1
-1,12,12,12,-1,-1,-1,-1,-1,12,12,12,-1
-1,-1,-1,-1,-1,-1,-1,-1,-1,-1,-1,-1,-1
-1,-1,-1,6,7,7,7,7,7,3,-1,-1,-1
-1,-1,-1,6,13,13,13,13,13,3,-1,-1,-1
-1,-1,-1,6,1,1,1,1,1,3,-1,-1,-1
-1,-1,-1,6,2,2,2,2,2,3,-1,-1,-1
-1,-1,-1,6,5,5,5,5,5,3,-1,-1,-1
-1,-1,-1,6,0,0,0,0,0,3,-1,-1,-1
-1,-1,-1,-1,-1,-1,-1,-1,-1,-1,-1,-1,-1
-1,-1,-1,-1,-1,-1,-1,-1,-1,-1,-1,-1,-1
-1,-1,-1,-1,-1,-1,-1,-1,-1,-1,-1,-1,-1
-1,-1,-1,-1,-1,-1,-1,-1,-1,-1,-1,-1,-1
-1,-1,-1,-1,-1,-1,-1,-1,-1,-1,-1,-1,-1
-1,-1,-1,-1,-1,-1,-1,-1,-1,-1,-1,-1,-1
-1,-1,-1,-1,-1,-1,-1,-1,-1,-1,-1,-1,-1
-1,-1,-1,-1,-1,-1,-1,-1,-1,-1,-1,-1,-1
-1,-1,-1,-1,-1,-1,-1,-1,-1,-1,-1,-1,-1
-1,12,-1,-1,-1,-1,-1,-1,-1,-1,-1,-1,-1
-1,-1,-1,-1,-1,-1,-1,-1,-1,-1,-1,-1,-1
-1,-1,-1,-1,-1,-1,-1,-1,-1,-1,-1,-1,-1
-1,-1,-1,-1,-1,-1,-1,-1,-1,-1,-1,-1,-1
-1,-1,-1,-1,-1,-1,-1,-1,0,-1,-1,-1,-1
-1,12,-1,-1,-1,-1,0,1,0,-1,-1,-1,-1
-1,12,-1,-1,-1,0,1,7,1,0,-1,-1,-1
-1,12,-1,-1,0,1,7,1,7,1,0,-1,-1
-1,12,-1,-1,0,1,7,1,10,1,7,0,-1
-1,12,-1,-1,0,1,7,1,7,1,0,-1,-1
-1,12,-1,-1,-1,0,1,7,1,0,-1,-1,-1
-1,12,-1,-1,-1,-1,0,1,0,-1,-1,-1,-1
-1,12,-1,-1,-1,-1,-1,0,-1,-1,-1,-1,-1
-1,12,-1,-1,-1,-1,-1,-1,-1,-1,-1,-1,-1
-1,12,12,12,12,12,12,12,12,12,12,12,12
-1,-1,-1,-1,-1,-1,-1,-1,-1,-1,-1,-1,-1
-1,-1,-1,-1,-1,-1,-1,-1,-1,-1,-1,-1,-1
-1,-1,-1,-1,-1,-1,-1,-1,-1,-1,-1,-1,-1
-1,-1,-1,-1,-1,-1,-1,-1,-1,-1,-1,-1,-1
-1,-1,-1,-1,-1,-1,-1,-1,-1,-1,-1,-1,-1
-1,-1,-1,-1,-1,-1,-1,-1,-1,-1,-1,-1,-1
-1,-1,-1,-1,-1,-1,-1,-1,-1,-1,-1,-1,-1
-1,-1,-1,-1,-1,-1,-1,-1,-1,-1,-1,-1,-1
-1,-1,-1,-1,-1,-1,-1,-1,-1,-1,-1,-1,-1
-1,-1,-1,-1,-1,-1,-1,-1,-1,-1,-1,-1,-1
-1,-1,-1,-1,-1,-1,-1,-1,-1,-1,-1,-1,-1
-1,-1,-1,-1,-1,-1,-1,-1,-1,-1,-1,-1,-1
-1,-1,-1,-1,-1,-1,-1,-1,-1,-1,-1,-1,-1
-1,-1,-1,-1,-1,-1,-1,-1,-1,-1,-1,-1,-1
-1,-1,-1,-1,-1,-1,-1,-1,-1,-1,-1,-1,-1
10,10,10,10,10,10,10,10,10,10,10,10,10
10,-1,-1,-1,-1,-1,-1,-1,-1,-1,-1,-1,10
10,-1,10,10,10,10,10,10,10,10,10,-1,10
10,-1,10,-1,-1,-1,-1,-1,-1,-1,10,-1,10
10,-1,10,-1,10,10,10,10,10,-1,10,-1,10
10,-1,10,-1,10,-1,-1,-1,10,-1,10,-1,10
10,-1,10,-1,10,10,10,10,10,-1,10,-1,10
10,-1,10,-1,-1,-1,-1,-1,-1,-1,10,-1,10
10,-1,10,10,10,10,10,10,10,10,10,-1,10
10,-1,-1,-1,-1,-1,-1,-1,-1,-1,-1,-1,10
10,10,10,10,10,10,10,10,10,10,10,10,10
-1,-1,-1,-1,-1,-1,-1,-1,-1,-1,-1,-1,-1
-1,-1,-1,-1,-1,-1,-1,-1,-1,-1,-1,-1,-1
-1,-1,-1,-1,-1,-1,-1,-1,-1,-1,-1,-1,-1
-1,-1,-1,-1,-1,-1,-1,-1,-1,-1,-1,-1,-1
-1,-1,-1,-1,-1,-1,-1,-1,-1,-1,-1,-1,-1
-1,-1,-1,-1,-1,-1,-1,-1,-1,-1,-1,-1,-1
-1,-1,-1,-1,-1,-1,-1,-1,-1,-1,-1,-1,-1
-1,-1,-1,-1,-1,-1,-1,-1,-1,-1,-1,-1,-1
-1,-1,-1,-1,-1,-1,-1,-1,-1,-1,-1,-1,-1
-1,-1,-1,-1,-1,-1,-1,-1,-1,-1,-1,-1,-1
-1,-1,-1,-1,-1,-1,-1,-1,-1,-1,-1,-1,-1
-1,-1,-1,-1,-1,-1,-1,-1,-1,-1,-1,-1,-1
-1,-1,-1,-1,-1,-1,-1,-1,-1,-1,-1,-1,-1
-1,-1,-1,-1,-1,-1,-1,-1,-1,-1,-1,-1,-1
12,12,12,12,12,12,12,12,12,12,12,12,12
-1,-1,-1,12,-1,-1,-1,-1,-1,12,6,-1,12
-1,7,-1,12,-1,-1,-1,-1,-1,12,-1,-1,12
12,-1,-1,12,-1,-1,12,-1,-1,12,-1,-1,12
12,-1,-1,12,2,-1,12,-1,-1,12,-1,-1,12
12,-1,13,12,-1,-1,12,-1,0,12,-1,-1,12
12,-1,-1,12,-1,5,12,-1,-1,12,-1,-1,12
12,-1,-1,12,-1,-1,12,-1,-1,12,-1,-1,12
12,1,-1,-1,-1,-1,12,-1,-1,-1,-1,-1,12
12,-1,-1,-1,-1,-1,12,-1,-1,-1,-1,3,12
12,12,12,12,12,12,12,12,12,12,12,12,12
-1,-1,-1,-1,-1,-1,-1,-1,-1,-1,-1,-1,-1
-1,-1,-1,-1,-1,-1,-1,-1,-1,-1,-1,-1,-1
-1,-1,-1,-1,-1,-1,-1,-1,-1,-1,-1,-1,-1
-1,-1,-1,-1,-1,-1,-1,-1,-1,-1,-1,-1,-1
-1,-1,-1,-1,-1,-1,-1,-1,-1,-1,-1,-1,-1
-1,-1,-1,-1,-1,-1,-1,-1,-1,-1,-1,-1,-1
-1,-1,-1,-1,-1,-1,-1,-1,-1,-1,-1,-1,-1
-1,-1,-1,-1,-1,-1,-1,-1,-1,-1,-1,-1,-1
-1,-1,-1,-1,-1,-1,-1,-1,-1,-1,-1,-1,-1
-1,-1,-1,-1,-1,-1,-1,-1,-1,-1,-1,-1,-1
-1,-1,-1,-1,-1,-1,-1,-1,-1,-1,-1,-1,-1
-1,-1,-1,-1,-1,-1,-1,-1,-1,-1,-1,-1,-1
-1,-1,-1,-1,-1,-1,-1,-1,-1,-1,-1,-1,-1
-1,-1,-1,-1,-1,-1,-1,-1,-1,-1,-1,-1,-1
-1,-1,-1,-1,-1,-1,-1,-1,-1,-1,-1,-1,-1
-1,3,3,3,-1,7,7,7,-1,3,3,3,-1
-1,4,4,4,-1,2,2,2,-1,4,4,4,-1
-1,5,5,5,-1,1,1,1,-1,5,5,5,-1
-1,6,6,6,-1,0,0,0,-1,6,6,6,-1
-1,0,0,0,-1,6,6,6,-1,0,0,0,-1
-1,1,1,1,-1,5,5,5,-1,1,1,1,-1
-1,2,2,2,-1,4,4,4,-1,2,2,2,-1
-1,7,7,7,-1,3,3,3,-1,7,7,7,-1
-1,-1,-1,-1,-1,-1,-1,-1,-1,-1,-1,-1,-1
-1,-1,-1,-1,-1,-1,-1,-1,-1,-1,-1,-1,-1
-1,-1,-1,-1,-1,-1,-1,-1,-1,-1,-1,-1,-1
-1,-1,-1,-1,-1,-1,-1,-1,-1,-1,-1,-1,-1
-1,-1,-1,-1,-1,-1,-1,-1,-1,-1,-1,-1,-1
-1,-1,-1,-1,-1,-1,-1,-1,-1,-1,-1,-1,-1
-1,-1,-1,-1,-1,-1,-1,-1,-1,-1,-1,-1,-1
-1,-1,-1,-1,-1,-1,-1,-1,-1,-1,-1,-1,-1
-1,-1,-1,-1,-1,-1,-1,-1,-1,-1,-1,-1,-1
-1,-1,-1,-1,-1,-1,-1,-1,-1,-1,-1,-1,-1
-1,-1,-1,-1,-1,-1,-1,-1,-1,-1,-1,-1,-1
-1,-1,-1,-1,-1,-1,-1,-1,-1,-1,-1,-1,-1
-1,-1,-1,-1,-1,-1,-1,-1,-1,-1,-1,-1,-1
-1,-1,-1,-1,-1,-1,-1,-1,-1,-1,-1,-1,-1
-1,-1,-1,-1,-1,-1,-1,-1,-1,-1,-1,-1,-1
-1,-1,-1,-1,-1,-1,-1,-1,-1,-1,-1,-1,-1
0,0,0,0,0,0,0,0,0,0,0,0,0
12,-1,-1,-1,-1,-1,-1,-1,-1,-1,-1,-1,12
0,0,0,0,0,0,0,0,0,0,0,0,0
-1,-1,-1,-1,-1,-1,-1,-1,-1,-1,-1,-1,-1
10,10,10,10,10,10,10,10,10,10,10,10,10
12,-1,-1,-1,-1,-1,-1,-1,-1,-1,-1,-1,12
7,7,7,7,7,7,7,7,7,7,7,7,7
-1,-1,-1,-1,-1,-1,-1,-1,-1,-1,-1,-1,-1
10,10,10,10,10,10,10,10,10,10,10,10,10
12,-1,-1,-1,-1,-1,-1,-1,-1,-1,-1,-1,12
5,5,5,5,5,5,5,5,5,5,5,5,5
-1,-1,-1,-1,-1,-1,-1,-1,-1,-1,-1,-1,-1
5,5,5,5,5,5,5,5,5,5,5,5,5
12,-1,-1,-1,-1,-1,-1,-1,-1,-1,-1,-1,12
-1,-1,-1,-1,-1,-1,-1,-1,-1,-1,-1,-1,-1
-1,-1,-1,-1,-1,-1,-1,-1,-1,-1,-1,-1,-1
-1,-1,-1,-1,-1,-1,-1,-1,-1,-1,-1,-1,-1
-1,-1,-1,-1,-1,-1,-1,-1,-1,-1,-1,-1,-1
-1,-1,-1,-1,-1,-1,-1,-1,-1,-1,-1,-1,-1
-1,-1,-1,-1,-1,-1,-1,-1,-1,-1,-1,-1,-1
-1,-1,-1,-1,-1,-1,-1,-1,-1,-1,-1,-1,-1
-1,-1,-1,-1,-1,-1,-1,-1,-1,-1,-1,-1,-1
-1,-1,-1,-1,-1,-1,-1,-1,-1,-1,-1,-1,-1
-1,-1,-1,-1,-1,-1,-1,-1,-1,-1,-1,-1,-1
-1,-1,-1,-1,-1,-1,-1,-1,-1,-1,-1,-1,-1
-1,-1,-1,-1,-1,-1,-1,-1,-1,-1,-1,-1,-1
1,7,12,1,1,1,1,1,1,1,12,7,1
1,7,3,12,1,1,1,1,1,12,2,7,1
1,7,3,3,12,1,1,1,12,2,2,7,1
1,7,3,3,3,12,7,12,2,2,2,7,1
1,7,3,3,3,3,7,2,2,2,2,7,1
1,7,3,3,3,3,7,2,2,2,2,7,1
1,10,3,3,3,3,7,2,2,2,2,10,1
1,1,10,3,3,3,7,2,2,2,10,1,1
1,1,1,10,3,3,7,2,2,10,1,1,1
1,1,1,1,10,3,7,2,10,1,1,1,1
1,1,1,1,1,10,7,10,1,1,1,1,1
-1,-1,-1,-1,-1,-1,-1,-1,-1,-1,-1,-1,-1
-1,-1,-1,-1,-1,-1,-1,-1,-1,-1,-1,-1,-1
-1,-1,-1,-1,-1,-1,-1,-1,-1,-1,-1,-1,-1
-1,-1,-1,-1,-1,-1,-1,-1,-1,-1,-1,-1,-1
-1,-1,-1,-1,-1,-1,-1,-1,-1,-1,-1,-1,-1
-1,-1,-1,-1,-1,-1,-1,-1,-1,-1,-1,-1,-1
-1,-1,-1,-1,-1,-1,-1,-1,-1,-1,-1,-1,-1
-1,-1,-1,-1,-1,-1,-1,-1,-1,-1,-1,-1,-1
-1,-1,-1,-1,-1,-1,-1,-1,-1,-1,-1,-1,-1
-1,-1,-1,-1,-1,-1,-1,-1,-1,-1,-1,-1,-1
-1,-1,-1,-1,-1,-1,-1,-1,-1,-1,-1,-1,-1
-1,-1,-1,-1,-1,-1,-1,-1,-1,-1,-1,-1,-1
-1,-1,-1,-1,-1,-1,-1,-1,-1,-1,-1,-1,-1
-1,-1,-1,-1,-1,-1,12,-1,-1,-1,-1,-1,-1
-1,-1,-1,7,7,7,-1,7,7,7,-1,-1,-1
-1,7,7,-1,-1,-1,12,-1,-1,-1,7,7,-1
7,-1,-1,4,4,4,-1,4,4,4,-1,-1,7
-1,4,4,-1,-1,-1,12,-1,-1,-1,4,4,-1
4,-1,-1,3,3,3,-1,3,3,3,-1,-1,4
-1,3,3,-1,-1,-1,12,-1,-1,-1,3,3,-1
3,-1,-1,2,2,2,-1,2,2,2,-1,-1,3
-1,2,2,-1,-1,-1,12,-1,-1,-1,2,2,-1
2,-1,-1,5,5,5,-1,5,5,5,-1,-1,2
-1,5,5,-1,-1,-1,12,-1,-1,-1,5,5,-1
5,-1,-1,0,0,0,-1,0,0,0,-1,-1,5
-1,0,0,-1,-1,-1,-1,-1,-1,-1,0,0,-1
0,-1,-1,-1,-1,-1,-1,-1,-1,-1,-1,-1,0
-1,-1,-1,-1,-1,-1,-1,-1,-1,-1,-1,-1,-1
-1,-1,-1,-1,-1,-1,-1,-1,-1,-1,-1,-1,-1
-1,-1,-1,-1,-1,-1,-1,-1,-1,-1,-1,-1,-1
-1,-1,-1,-1,-1,-1,-1,-1,-1,-1,-1,-1,-1
-1,-1,-1,-1,-1,-1,-1,-1,-1,-1,-1,-1,-1
-1,-1,-1,-1,-1,-1,-1,-1,-1,-1,-1,-1,-1
-1,-1,-1,-1,-1,-1,-1,-1,-1,-1,-1,-1,-1
-1,-1,-1,-1,-1,-1,-1,-1,-1,-1,-1,-1,-1
-1,-1,-1,-1,-1,-1,-1,-1,-1,-1,-1,-1,-1
-1,-1,-1,-1,-1,-1,-1,-1,-1,-1,-1,-1,-1
-1,-1,-1,-1,-1,-1,-1,-1,-1,-1,-1,-1,-1
-1,-1,-1,-1,-1,-1,10,-1,-1,-1,-1,-1,-1
-1,-1,-1,0,0,0,10,2,2,2,-1,-1,-1
-1,-1,0,0,0,7,7,7,2,2,2,-1,-1
-1,-1,0,0,7,7,7,7,7,2,2,-1,-1
-1,0,0,0,7,7,7,7,7,2,2,2,-1
-1,0,0,0,7,7,7,7,7,2,2,2,-1
-1,0,0,0,7,7,7,7,7,2,2,2,-1
-1,10,-1,-1,10,-1,10,-1,10,-1,-1,10,-1
-1,-1,-1,-1,-1,-1,10,-1,-1,-1,-1,-1,-1
-1,-1,-1,-1,-1,-1,10,-1,-1,-1,-1,-1,-1
-1,-1,-1,-1,-1,-1,10,-1,-1,-1,-1,-1,-1
-1,-1,-1,-1,12,-1,12,-1,-1,-1,-1,-1,-1
-1,-1,-1,-1,12,12,12,-1,-1,-1,-1,-1,-1
-1,-1,-1,-1,-1,12,-1,-1,-1,-1,-1,-1,-1
-1,-1,-1,-1,-1,-1,-1,-1,-1,-1,-1,-1,-1
-1,-1,-1,-1,-1,-1,-1,-1,-1,-1,-1,-1,-1
-1,-1,-1,-1,-1,-1,-1,-1,-1,-1,-1,-1,-1
-1,-1,-1,-1,-1,-1,-1,-1,-1,-1,-1,-1,-1
-1,-1,-1,-1,-1,-1,-1,-1,-1,-1,-1,-1,-1
-1,-1,-1,-1,-1,-1,-1,-1,-1,-1,-1,-1,-1
-1,-1,-1,-1,-1,-1,-1,-1,-1,-1,-1,-1,-1
-1,-1,-1,-1,-1,-1,-1,-1,-1,-1,-1,-1,-1
-1,-1,-1,-1,-1,-1,-1,-1,-1,-1,-1,-1,-1
-1,-1,-1,-1,-1,-1,-1,-1,-1,-1,-1,-1,-1
-1,-1,-1,-1,-1,-1,-1,-1,-1,-1,-1,-1,-1
-1,-1,-1,-1,-1,-1,-1,-1,-1,-1,-1,-1,-1
4,-1,12,-1,-1,-1,-1,-1,-1,-1,12,-1,4
4,-1,12,12,-1,-1,-1,-1,-1,12,12,-1,4
4,-1,12,-1,12,-1,-1,-1,12,-1,12,-1,4
4,-1,12,-1,6,12,-1,12,1,-1,12,-1,4
4,-1,12,-1,6,10,12,10,1,-1,12,-1,4
4,-1,12,-1,6,2,-1,2,-1,12,-1,4
4,-1,12,-1,6,2,-1,2,1,-1,12,-1,4
4,-1,12,-1,6,2,-1,2,1,-1,12,-1,4
4,-1,12,-1,6,2,-1,2,1,-1,12,-1,4
4,12,12,12,6,2,-1,2,1,12,12,12,4
-1,-1,-1,-1,-1,-1,-1,-1,-1,-1,-1,-1,-1
-1,-1,-1,-1,-1,-1,-1,-1,-1,-1,-1,-1,-1
-1,-1,-1,-1,-1,-1,-1,-1,-1,-1,-1,-1,-1
-1,-1,-1,-1,-1,-1,-1,-1,-1,-1,-1,-1,-1
-1,-1,-1,-1,-1,-1,-1,-1,-1,-1,-1,-1,-1
-1,-1,-1,-1,-1,-1,-1,-1,-1,-1,-1,-1,-1
-1,-1,-1,-1,-1,-1,-1,-1,-1,-1,-1,-1,-1
-1,-1,-1,-1,-1,-1,-1,-1,-1,-1,-1,-1,-1
-1,-1,-1,-1,-1,-1,-1,-1,-1,-1,-1,-1,-1
-1,-1,-1,-1,-1,-1,-1,-1,-1,-1,-1,-1,-1
-1,-1,-1,-1,-1,-1,-1,-1,-1,-1,-1,-1,-1
-1,-1,-1,-1,-1,-1,-1,-1,-1,-1,-1,-1,-1
-1,-1,-1,-1,-1,-1,-1,-1,-1,-1,-1,-1,-1
-1,-1,-1,-1,-1,-1,-1,-1,-1,-1,-1,-1,-1
-1,-1,-1,-1,-1,-1,-1,-1,-1,-1,-1,-1,-1
-1,-1,-1,-1,-1,-1,-1,-1,-1,-1,-1,-1,-1
-1,12,12,12,12,12,12,12,12,12,12,12,-1
-1,1,0,6,5,4,12,4,5,6,0,1,-1
-1,1,0,6,5,4,12,4,5,6,0,1,-1
-1,1,0,6,5,4,12,4,5,6,0,1,-1
-1,1,0,6,5,4,3,4,5,6,0,1,-1
-1,1,0,6,5,4,12,4,5,6,0,1,-1
-1,1,0,6,5,4,12,4,5,6,0,1,-1
-1,1,0,6,5,4,12,4,5,6,0,1,-1
-1,12,12,12,12,12,12,12,12,12,12,12,-1
-1,-1,-1,-1,-1,-1,-1,-1,-1,-1,-1,-1,-1
-1,-1,-1,-1,-1,-1,-1,-1,-1,-1,-1,-1,-1
-1,-1,-1,-1,-1,-1,-1,-1,-1,-1,-1,-1,-1
-1,-1,-1,-1,-1,-1,-1,-1,-1,-1,-1,-1,-1
-1,-1,-1,-1,-1,-1,-1,-1,-1,-1,-1,-1,-1
-1,-1,-1,-1,-1,-1,-1,-1,-1,-1,-1,-1,-1
-1,-1,-1,-1,-1,-1,-1,-1,-1,-1,-1,-1,-1
-1,-1,-1,-1,-1,-1,-1,-1,-1,-1,-1,-1,-1
-1,-1,-1,-1,-1,-1,-1,-1,-1,-1,-1,-1,-1
-1,-1,-1,-1,-1,-1,-1,-1,-1,-1,-1,-1,-1
-1,-1,-1,-1,-1,-1,-1,-1,-1,-1,-1,-1,-1
-1,-1,-1,-1,-1,-1,-1,-1,-1,-1,-1,-1,-1
-1,-1,-1,-1,-1,-1,-1,-1,-1,-1,-1,-1,-1
-1,-1,-1,-1,-1,-1,-1,-1,-1,-1,-1,-1,-1
-1,-1,-1,-1,-1,-1,-1,-1,-1,-1,-1,-1,-1
12,12,1,12,2,12,3,12,2,12,1,12,12
12,12,10,12,10,12,10,12,10,12,10,12,12
-1,-1,-1,-1,-1,-1,-1,-1,-1,-1,-1,-1,-1
12,6,12,6,12,-1,12,-1,12,-1,12,-1,12
12,-1,12,-1,12,6,12,6,12,-1,12,-1,12
12,-1,12,-1,12,-1,12,-1,12,6,12,6,12
-1,-1,-1,-1,-1,-1,-1,-1,-1,-1,-1,6,-1
-1,12,-1,12,-1,12,-1,12,6,12,6,12,-1
-1,-1,-1,-1,12,6,12,6,12,-1,12,-1,-1
-1,6,-1,6,-1,-1,12,-1,12,-1,-1,-1,-1
-1,-1,-1,-1,-1,-1,-1,-1,-1,-1,-1,-1,-1
-1,-1,-1,-1,-1,-1,-1,-1,-1,-1,-1,-1,-1
-1,-1,-1,-1,-1,-1,-1,-1,-1,-1,-1,-1,-1
-1,-1,-1,-1,-1,-1,-1,-1,-1,-1,-1,-1,-1
-1,-1,-1,-1,-1,-1,-1,-1,-1,-1,-1,-1,-1
-1,-1,-1,-1,-1,-1,-1,-1,-1,-1,-1,-1,-1
-1,-1,-1,-1,-1,-1,-1,-1,-1,-1,-1,-1,-1
-1,-1,-1,-1,-1,-1,-1,-1,-1,-1,-1,-1,-1
-1,-1,-1,-1,-1,-1,-1,-1,-1,-1,-1,-1,-1
-1,-1,-1,-1,-1,-1,-1,-1,-1,-1,-1,-1,-1
-1,-1,-1,-1,-1,-1,-1,-1,-1,-1,-1,-1,-1
-1,-1,-1,-1,-1,-1,-1,-1,-1,-1,-1,-1,-1
-1,-1,-1,-1,-1,-1,-1,-1,-1,-1,-1,-1,-1
-1,-1,-1,-1,-1,-1,-1,-1,-1,-1,-1,-1,-1
-1,-1,-1,-1,-1,-1,-1,-1,-1,-1,-1,-1,-1
-1,-1,-1,-1,-1,-1,-1,-1,-1,-1,-1,-1,-1
-1,12,4,4,4,4,4,4,4,4,4,12,-1
-1,12,-1,-1,-1,-1,-1,-1,-1,-1,-1,12,-1
-1,12,-1,12,12,12,12,12,12,12,-1,12,-1
-1,12,-1,12,-1,-1,-1,-1,-1,12,-1,12,-1
-1,12,-1,12,-1,5,6,0,1,2,-1,12,-1
-1,12,-1,12,-1,6,0,1,2,3,-1,12,-1
-1,12,-1,12,-1,0,1,2,3,4,-1,12,-1
-1,12,-1,12,-1,-1,-1,-1,-1,-1,-1,12,-1
-1,12,-1,12,1,1,1,1,1,1,1,12,-1
-1,12,-1,-1,-1,-1,-1,-1,-1,-1,-1,12,-1
-1,12,-1,-1,-1,-1,-1,-1,-1,-1,-1,12,-1
-1,12,12,12,12,12,12,12,12,12,12,12,-1
-1,-1,-1,-1,-1,-1,-1,-1,-1,-1,-1,-1,-1
-1,-1,-1,-1,-1,-1,-1,-1,-1,-1,-1,-1,-1
-1,-1,-1,-1,-1,-1,-1,-1,-1,-1,-1,-1,-1
-1,-1,-1,-1,-1,-1,-1,-1,-1,-1,-1,-1,-1
-1,-1,-1,-1,-1,-1,-1,-1,-1,-1,-1,-1,-1
-1,-1,-1,-1,-1,-1,-1,-1,-1,-1,-1,-1,-1
-1,-1,-1,-1,-1,-1,-1,-1,-1,-1,-1,-1,-1
-1,-1,-1,-1,-1,-1,-1,-1,-1,-1,-1,-1,-1
-1,-1,-1,-1,-1,-1,-1,-1,-1,-1,-1,-1,-1
-1,-1,-1,-1,-1,-1,-1,-1,-1,-1,-1,-1,-1
-1,-1,-1,-1,-1,-1,-1,-1,-1,-1,-1,-1,-1
-1,-1,-1,-1,-1,-1,-1,-1,-1,-1,-1,-1,-1
-1,-1,-1,-1,-1,-1,-1,-1,-1,-1,-1,-1,-1
3,3,3,3,3,3,3,3,3,3,3,3,3
3,3,3,3,3,3,3,3,3,3,3,3,3
-1,-1,-1,-1,-1,-1,-1,-1,-1,-1,-1,-1,-1
5,5,12,-1,12,5,5,5,12,-1,12,5,5
5,5,12,-1,12,5,5,5,12,-1,12,5,5
5,5,12,-1,12,5,5,5,12,-1,12,5,5
-1,-1,-1,-1,-1,-1,-1,-1,-1,-1,-1,-1,-1
7,7,7,7,7,7,7,7,7,7,7,7,7
7,7,7,7,7,7,7,7,7,7,7,7,7
-1,-1,-1,-1,-1,-1,-1,-1,-1,-1,-1,-1,-1
-1,-1,-1,-1,-1,-1,-1,-1,-1,-1,-1,-1,-1
-1,-1,-1,-1,-1,-1,-1,-1,-1,-1,-1,-1,-1
-1,-1,-1,-1,-1,-1,-1,-1,-1,-1,-1,-1,-1
-1,-1,-1,-1,-1,-1,-1,-1,-1,-1,-1,-1,-1
-1,-1,-1,-1,-1,-1,-1,-1,-1,-1,-1,-1,-1
-1,-1,-1,-1,-1,-1,-1,-1,-1,-1,-1,-1,-1
-1,-1,-1,-1,-1,-1,-1,-1,-1,-1,-1,-1,-1
-1,-1,-1,-1,-1,-1,-1,-1,-1,-1,-1,-1,-1
-1,-1,-1,-1,-1,-1,-1,-1,-1,-1,-1,-1,-1
-1,-1,-1,-1,-1,-1,-1,-1,-1,-1,-1,-1,-1
-1,-1,-1,-1,-1,-1,-1,-1,-1,-1,-1,-1,-1
-1,-1,-1,-1,-1,-1,-1,-1,-1,-1,-1,-1,-1
-1,-1,-1,-1,-1,-1,-1,-1,-1,-1,-1,-1,-1
-1,-1,-1,-1,-1,-1,-1,-1,-1,-1,-1,-1,-1
1,1,1,1,1,1,1,1,1,1,1,1,1
-1,-1,-1,-1,-1,-1,-1,-1,-1,-1,-1,-1,-1
10,10,10,-1,-1,10,10,10,-1,-1,10,10,10
10,2,10,-1,-1,10,2,10,-1,-1,10,2,10
10,10,10,-1,-1,10,10,10,-1,-1,10,10,10
-1,-1,-1,-1,-1,-1,-1,-1,-1,-1,-1,-1,-1
10,10,10,-1,-1,10,10,10,-1,-1,10,10,10
10,5,10,-1,-1,10,5,10,-1,-1,10,5,10
10,10,10,-1,-1,10,10,10,-1,-1,10,10,10
-1,-1,-1,-1,-1,-1,-1,-1,-1,-1,-1,-1,-1
10,10,10,-1,-1,10,10,10,-1,-1,10,10,10
10,0,10,-1,-1,10,0,10,-1,-1,10,0,10
10,10,10,-1,-1,10,10,10,-1,-1,10,10,10
-1,-1,-1,-1,-1,-1,-1,-1,-1,-1,-1,-1,-1
-1,-1,-1,-1,-1,-1,-1,-1,-1,-1,-1,-1,-1
-1,-1,-1,-1,-1,-1,-1,-1,-1,-1,-1,-1,-1
-1,-1,-1,-1,-1,-1,-1,-1,-1,-1,-1,-1,-1
-1,-1,-1,-1,-1,-1,-1,-1,-1,-1,-1,-1,-1
-1,-1,-1,-1,-1,-1,-1,-1,-1,-1,-1,-1,-1
-1,-1,-1,-1,-1,-1,-1,-1,-1,-1,-1,-1,-1
-1,-1,-1,-1,-1,-1,-1,-1,-1,-1,-1,-1,-1
-1,-1,-1,-1,-1,-1,-1,-1,-1,-1,-1,-1,-1
-1,-1,-1,-1,-1,-1,-1,-1,-1,-1,-1,-1,-1
-1,-1,-1,-1,-1,-1,-1,-1,-1,-1,-1,-1,-1
-1,-1,-1,-1,-1,-1,-1,-1,-1,-1,-1,-1,-1
-1,-1,-1,-1,-1,-1,-1,-1,-1,-1,-1,-1,-1
-1,-1,-1,-1,-1,7,7,7,-1,-1,-1,-1,-1
-1,-1,-1,-1,-1,7,7,7,-1,-1,-1,-1,-1
-1,-1,-1,-1,-1,7,7,7,-1,-1,-1,-1,-1
-1,-1,-1,-1,7,7,7,7,7,-1,-1,-1,-1
-1,-1,-1,-1,7,0,7,0,7,-1,-1,-1,-1
-1,-1,-1,7,0,0,7,0,0,7,-1,-1,-1
-1,-1,-1,0,0,0,0,0,0,0,-1,-1,-1
-1,-1,0,0,0,0,0,0,0,0,0,-1,-1
-1,-1,0,0,0,0,0,0,0,0,0,-1,-1
-1,0,0,0,0,0,0,0,0,0,0,0,-1
0,0,0,0,0,0,0,0,0,0,0,0,0
-1,-1,-1,-1,-1,-1,-1,-1,-1,-1,-1,-1,-1
-1,-1,-1,-1,-1,-1,-1,-1,-1,-1,-1,-1,-1
-1,-1,-1,-1,-1,-1,-1,-1,-1,-1,-1,-1,-1
-1,-1,-1,-1,-1,-1,-1,-1,-1,-1,-1,-1,-1
-1,-1,-1,-1,-1,-1,-1,-1,-1,-1,-1,-1,-1
-1,-1,-1,-1,-1,-1,-1,-1,-1,-1,-1,-1,-1
-1,-1,-1,-1,-1,-1,-1,-1,-1,-1,-1,-1,-1
-1,-1,-1,-1,-1,-1,-1,-1,-1,-1,-1,-1,-1
-1,-1,-1,-1,-1,-1,-1,-1,-1,-1,-1,-1,-1
-1,-1,-1,-1,-1,-1,-1,-1,-1,-1,-1,-1,-1
-1,-1,-1,-1,-1,-1,-1,-1,-1,-1,-1,-1,-1
-1,-1,-1,-1,-1,-1,-1,-1,-1,-1,-1,-1,-1
-1,-1,-1,-1,-1,-1,-1,-1,-1,-1,-1,-1,-1
5,5,5,5,5,5,5,5,5,5,5,5,5
2,2,2,2,2,2,2,2,2,2,2,2,2
0,0,0,0,0,0,0,0,0,0,0,0,0
12,12,12,12,12,12,10,10,10,12,12,12,12
12,5,5,5,5,12,-1,12,5,5,5,5,12
12,5,5,5,5,12,-1,12,5,5,5,5,12
12,-1,-1,-1,-1,-1,-1,-1,-1,-1,-1,-1,12
12,-1,-1,-1,-1,-1,-1,-1,-1,-1,-1,-1,12
12,-1,-1,-1,12,2,2,2,12,-1,-1,-1,12
12,-1,-1,-1,12,2,2,2,12,-1,-1,-1,12
12,10,10,10,12,12,12,12,12,10,10,10,12
-1,-1,-1,-1,-1,-1,-1,-1,-1,-1,-1,-1,-1
-1,-1,-1,-1,-1,-1,-1,-1,-1,-1,-1,-1,-1
-1,-1,-1,-1,-1,-1,-1,-1,-1,-1,-1,-1,-1
-1,-1,-1,-1,-1,-1,-1,-1,-1,-1,-1,-1,-1
-1,-1,-1,-1,-1,-1,-1,-1,-1,-1,-1,-1,-1
-1,-1,-1,-1,-1,-1,-1,-1,-1,-1,-1,-1,-1
-1,-1,-1,-1,-1,-1,-1,-1,-1,-1,-1,-1,-1
-1,-1,-1,-1,-1,-1,-1,-1,-1,-1,-1,-1,-1
-1,-1,-1,-1,-1,-1,-1,-1,-1,-1,-1,-1,-1
-1,-1,-1,-1,-1,-1,-1,-1,-1,-1,-1,-1,-1
-1,-1,-1,-1,-1,-1,-1,-1,-1,-1,-1,-1,-1
-1,-1,-1,-1,-1,-1,-1,-1,-1,-1,-1,-1,-1
-1,-1,-1,-1,-1,-1,-1,-1,-1,-1,-1,-1,-1
-1,-1,-1,-1,-1,-1,-1,-1,-1,-1,-1,-1,-1
-1,-1,-1,-1,-1,-1,-1,-1,-1,-1,-1,-1,-1
-1,-1,12,10,10,10,10,12,-1,-1,-1,-1,-1
-1,12,-1,-1,-1,-1,-1,-1,12,-1,-1,-1,-1
12,-1,-1,1,1,1,1,-1,-1,12,-1,-1,-1
12,-1,2,2,2,2,2,2,-1,12,-1,-1,-1
12,-1,0,0,0,0,0,0,-1,12,-1,-1,-1
12,-1,-1,13,13,13,13,-1,-1,12,-1,-1,-1
-1,12,-1,-1,-1,-1,-1,-1,12,-1,-1,-1,-1
-1,-1,12,12,12,12,12,12,-1,-1,-1,-1,-1
-1,-1,-1,-1,-1,-1,-1,-1,-1,-1,-1,-1,-1
-1,-1,-1,-1,-1,-1,-1,-1,-1,-1,-1,-1,-1
-1,-1,-1,-1,-1,-1,-1,-1,-1,-1,-1,-1,-1
-1,-1,-1,-1,-1,-1,-1,-1,-1,-1,-1,-1,-1
-1,-1,-1,-1,-1,-1,-1,-1,-1,-1,-1,-1,-1
-1,-1,-1,-1,-1,-1,-1,-1,-1,-1,-1,-1,-1
-1,-1,-1,-1,-1,-1,-1,-1,-1,-1,-1,-1,-1
-1,-1,-1,-1,-1,-1,-1,-1,-1,-1,-1,-1,-1
-1,-1,-1,-1,-1,-1,-1,-1,-1,-1,-1,-1,-1
-1,-1,-1,-1,-1,-1,-1,-1,-1,-1,-1,-1,-1
-1,-1,-1,-1,-1,-1,-1,-1,-1,-1,-1,-1,-1
-1,-1,-1,-1,-1,-1,-1,-1,-1,-1,-1,-1,-1
-1,-1,-1,-1,-1,-1,-1,-1,-1,-1,-1,-1,-1
-1,-1,-1,-1,-1,-1,-1,-1,-1,-1,-1,-1,-1
-1,-1,-1,-1,-1,-1,-1,-1,-1,-1,-1,-1,-1
-1,-1,-1,-1,-1,-1,-1,-1,-1,-1,-1,-1,-1
-1,-1,-1,-1,-1,-1,-1,-1,-1,-1,-1,-1,-1
-1,-1,-1,-1,-1,-1,-1,-1,-1,-1,-1,-1,-1
-1,-1,-1,-1,-1,-1,-1,-1,-1,-1,-1,-1,-1
-1,-1,-1,-1,-1,-1,-1,-1,-1,-1,-1,-1,-1
10,10,10,10,10,10,10,10,10,10,10,10,10
3,3,3,3,3,3,3,3,3,3,3,3,3
10,10,10,10,10,10,10,10,10,10,10,10,10
-1,-1,-1,-1,-1,-1,-1,-1,-1,-1,-1,-1,-1
10,10,10,10,10,10,10,10,10,10,10,10,10
5,5,5,5,5,5,5,5,5,5,5,5,5
10,10,10,10,10,10,10,10,10,10,10,10,10
-1,-1,-1,-1,-1,-1,-1,-1,-1,-1,-1,-1,-1
-1,-1,-1,-1,-1,-1,-1,-1,-1,-1,-1,-1,-1
-1,-1,-1,-1,-1,-1,-1,-1,-1,-1,-1,-1,-1
-1,-1,-1,-1,-1,-1,-1,-1,-1,-1,-1,-1,-1
-1,-1,-1,-1,-1,-1,-1,-1,-1,-1,-1,-1,-1
-1,-1,-1,-1,-1,-1,-1,-1,-1,-1,-1,-1,-1
-1,-1,-1,-1,-1,-1,-1,-1,-1,-1,-1,-1,-1
-1,-1,-1,-1,-1,-1,-1,-1,-1,-1,-1,-1,-1
-1,-1,-1,-1,-1,-1,-1,-1,-1,-1,-1,-1,-1
-1,-1,-1,-1,-1,-1,-1,-1,-1,-1,-1,-1,-1
-1,-1,-1,-1,-1,-1,-1,-1,-1,-1,-1,-1,-1
-1,-1,-1,-1,-1,-1,-1,-1,-1,-1,-1,-1,-1
-1,-1,-1,-1,-1,-1,-1,-1,-1,-1,-1,-1,-1
-1,-1,-1,-1,-1,-1,-1,-1,-1,-1,-1,-1,-1
0,0,0,0,0,0,0,0,0,0,0,0,0
0,12,12,12,12,13,12,13,12,12,12,12,0
0,12,-1,-1,-1,-1,-1,-1,-1,-1,-1,12,0
0,12,13,13,-1,-1,-1,-1,-1,13,13,12,0
0,12,13,13,13,13,-1,13,13,13,13,12,0
0,12,13,13,13,13,13,13,13,13,13,12,0
-1,0,12,12,13,13,13,13,13,12,12,0,-1
-1,0,0,12,12,13,13,13,12,12,0,0,-1
-1,-1,-1,0,0,12,13,12,0,0,-1,-1,-1
-1,-1,-1,-1,-1,0,0,0,-1,-1,-1,-1,-1
-1,-1,-1,-1,-1,-1,-1,-1,-1,-1,-1,-1,-1
-1,-1,-1,-1,-1,-1,-1,-1,-1,-1,-1,-1,-1
-1,-1,-1,-1,-1,-1,-1,-1,-1,-1,-1,-1,-1
-1,-1,-1,-1,-1,-1,-1,-1,-1,-1,-1,-1,-1
-1,-1,-1,-1,-1,-1,-1,-1,-1,-1,-1,-1,-1
-1,-1,-1,-1,-1,-1,-1,-1,-1,-1,-1,-1,-1
-1,-1,-1,-1,-1,-1,-1,-1,-1,-1,-1,-1,-1
-1,-1,-1,-1,-1,-1,-1,-1,-1,-1,-1,-1,-1
-1,-1,-1,-1,-1,-1,-1,-1,-1,-1,-1,-1,-1
-1,-1,-1,-1,-1,-1,-1,-1,-1,-1,-1,-1,-1
-1,-1,-1,-1,-1,-1,-1,-1,-1,-1,-1,-1,-1
-1,-1,-1,-1,-1,-1,-1,-1,-1,-1,-1,-1,-1
-1,-1,-1,-1,-1,-1,-1,-1,-1,-1,-1,-1,-1
-1,-1,-1,-1,-1,-1,-1,-1,-1,-1,-1,-1,-1
-1,-1,-1,-1,-1,-1,-1,-1,-1,-1,-1,-1,-1
3,3,3,3,3,12,-1,12,3,3,3,3,3
4,4,4,4,4,12,-1,12,4,4,4,4,4
12,12,7,12,12,12,-1,12,12,12,7,12,12
5,5,5,5,5,12,-1,12,5,5,5,5,5
13,13,13,13,13,12,-1,12,13,13,13,13,13
0,0,0,0,0,12,-1,12,0,0,0,0,0
10,10,7,10,10,12,-1,12,10,10,7,10,10
1,1,1,1,1,12,-1,12,1,1,1,1,1
2,2,2,2,2,12,-1,12,2,2,2,2,2
7,7,7,7,7,12,-1,12,7,7,7,7,7
-1,-1,-1,-1,-1,-1,-1,-1,-1,-1,-1,-1,-1
-1,-1,-1,-1,-1,-1,-1,-1,-1,-1,-1,-1,-1
-1,-1,-1,-1,-1,-1,-1,-1,-1,-1,-1,-1,-1
-1,-1,-1,-1,-1,-1,-1,-1,-1,-1,-1,-1,-1
-1,-1,-1,-1,-1,-1,-1,-1,-1,-1,-1,-1,-1
-1,-1,-1,-1,-1,-1,-1,-1,-1,-1,-1,-1,-1
-1,-1,-1,-1,-1,-1,-1,-1,-1,-1,-1,-1,-1
-1,-1,-1,-1,-1,-1,-1,-1,-1,-1,-1,-1,-1
-1,-1,-1,-1,-1,-1,-1,-1,-1,-1,-1,-1,-1
-1,-1,-1,-1,-1,-1,-1,-1,-1,-1,-1,-1,-1
-1,-1,-1,-1,-1,-1,-1,-1,-1,-1,-1,-1,-1
-1,-1,-1,-1,-1,-1,-1,-1,-1,-1,-1,-1,-1
-1,-1,-1,-1,-1,-1,-1,-1,-1,-1,-1,-1,-1
-1,-1,-1,-1,-1,-1,-1,-1,-1,-1,-1,-1,-1
-1,-1,-1,-1,-1,-1,-1,-1,-1,-1,-1,-1,-1
3,4,-1,-1,-1,-1,-1,-1,-1,-1,-1,-1,-1
3,4,5,13,-1,-1,-1,-1,-1,-1,-1,-1,-1
3,4,5,13,0,1,-1,-1,-1,-1,-1,-1,-1
3,4,5,13,0,1,2,3,-1,-1,-1,-1,-1
10,4,5,13,0,1,2,3,4,5,-1,-1,-1
12,10,13,0,1,2,3,4,5,13,0,-1,-1
-1,12,10,1,2,3,4,5,13,0,1,2,-1
-1,-1,-1,12,10,3,4,5,13,0,1,2,3
-1,-1,-1,-1,-1,12,10,5,13,0,1,2,3
-1,-1,-1,-1,-1,-1,-1,12,10,0,1,2,3
-1,-1,-1,-1,-1,-1,-1,-1,-1,12,10,2,3
-1,-1,-1,-1,-1,-1,-1,-1,-1,-1,-1,12,10
-1,-1,-1,-1,-1,-1,-1,-1,-1,-1,-1,-1,-1
-1,-1,-1,-1,-1,-1,-1,-1,-1,-1,-1,-1,-1
-1,-1,-1,-1,-1,-1,-1,-1,-1,-1,-1,-1,-1
-1,-1,-1,-1,-1,-1,-1,-1,-1,-1,-1,-1,-1
-1,-1,-1,-1,-1,-1,-1,-1,-1,-1,-1,-1,-1
-1,-1,-1,-1,-1,-1,-1,-1,-1,-1,-1,-1,-1
-1,-1,-1,-1,-1,-1,-1,-1,-1,-1,-1,-1,-1
-1,-1,-1,-1,-1,-1,-1,-1,-1,-1,-1,-1,-1
-1,-1,-1,-1,-1,-1,-1,-1,-1,-1,-1,-1,-1
-1,-1,-1,-1,-1,-1,-1,-1,-1,-1,-1,-1,-1
-1,-1,-1,-1,-1,-1,-1,-1,-1,-1,-1,-1,-1
-1,-1,-1,-1,-1,-1,-1,-1,-1,-1,-1,-1,-1
-1,-1,-1,-1,-1,-1,-1,-1,-1,-1,-1,-1,-1
-1,-1,-1,-1,-1,-1,-1,-1,-1,-1,-1,-1,-1
1,-1,2,-1,5,-1,0,-1,13,-1,3,-1,7
10,-1,10,-1,10,-1,10,-1,10,-1,10,-1,10
-1,13,-1,0,-1,5,-1,2,-1,1,-1,4,-1
-1,10,-1,10,-1,10,-1,10,-1,10,-1,10,-1
4,-1,1,-1,2,-1,5,-1,0,-1,13,-1,3
10,-1,10,-1,10,-1,10,-1,10,-1,10,-1,10
-1,3,-1,13,-1,0,-1,5,-1,2,-1,1,-1
-1,10,-1,10,-1,10,-1,10,-1,10,-1,10,-1
7,-1,4,-1,1,-1,2,-1,5,-1,0,-1,13
10,-1,10,-1,10,-1,10,-1,10,-1,10,-1,10
-1,-1,-1,-1,-1,-1,-1,-1,-1,-1,-1,-1,-1
-1,-1,-1,-1,-1,-1,-1,-1,-1,-1,-1,-1,-1
-1,-1,-1,-1,-1,-1,-1,-1,-1,-1,-1,-1,-1
-1,-1,-1,-1,-1,-1,-1,-1,-1,-1,-1,-1,-1
-1,-1,-1,-1,-1,-1,-1,-1,-1,-1,-1,-1,-1
-1,-1,-1,-1,-1,-1,-1,-1,-1,-1,-1,-1,-1
-1,-1,-1,-1,-1,-1,-1,-1,-1,-1,-1,-1,-1
-1,-1,-1,-1,-1,-1,-1,-1,-1,-1,-1,-1,-1
-1,-1,-1,-1,-1,-1,-1,-1,-1,-1,-1,-1,-1
-1,-1,-1,-1,-1,-1,-1,-1,-1,-1,-1,-1,-1
-1,-1,-1,-1,-1,-1,-1,-1,-1,-1,-1,-1,-1
-1,-1,-1,-1,-1,-1,-1,-1,-1,-1,-1,-1,-1
-1,-1,-1,-1,-1,-1,-1,-1,-1,-1,-1,-1,-1
-1,-1,-1,-1,-1,-1,-1,-1,-1,-1,-1,-1,-1
-1,-1,12,-1,12,-1,12,-1,12,-1,12,-1,-1
-1,-1,12,-1,12,-1,12,-1,12,2,2,-1,-1
-1,-1,12,-1,12,-1,12,-1,12,-1,12,-1,-1
-1,-1,12,-1,12,-1,12,5,5,5,5,-1,-1
-1,-1,12,-1,12,-1,12,-1,12,-1,12,-1,-1
-1,-1,12,-1,12,0,0,0,0,0,0,-1,-1
-1,-1,12,-1,12,-1,12,-1,12,-1,12,-1,-1
-1,-1,12,13,13,13,13,13,13,13,13,-1,-1
-1,-1,12,-1,12,-1,12,-1,12,-1,12,-1,-1
-1,-1,3,3,3,3,3,3,3,3,3,-1,-1
-1,-1,10,10,10,10,10,10,10,10,10,-1,-1
-1,-1,-1,-1,-1,-1,-1,-1,-1,-1,-1,-1,-1
-1,-1,-1,-1,-1,-1,-1,-1,-1,-1,-1,-1,-1
-1,-1,-1,-1,-1,-1,-1,-1,-1,-1,-1,-1,-1
-1,-1,-1,-1,-1,-1,-1,-1,-1,-1,-1,-1,-1
-1,-1,-1,-1,-1,-1,-1,-1,-1,-1,-1,-1,-1
-1,-1,-1,-1,-1,-1,-1,-1,-1,-1,-1,-1,-1
-1,-1,-1,-1,-1,-1,-1,-1,-1,-1,-1,-1,-1
-1,-1,-1,-1,-1,-1,-1,-1,-1,-1,-1,-1,-1